NAME = PmergeMe

CXX = c++
CXXFLAGS= -Wall -Werror -Wextra -std=c++98 -fsanitize=address -pedantic

SRCS = main.cpp PmergeMe.cpp

OBJS = $(SRCS:.cpp=.o)

all: $(NAME)

$(NAME): $(OBJS)
	$(CXX) $(CXXFLAGS) $(OBJS) -o $(NAME)

clean:
	rm -rf $(OBJS)

fclean: clean
	rm -rf $(NAME)

re: fclean all

9: $(NAME)
	make re && clear && ./$(NAME) 9 1 8 2 7 3 6 4 5

100: $(NAME)
	make re && clear && ./$(NAME) 14 53 25 16 95 2 56 60 21 49 46 9 54 20 65 92 38 31 90 67 71 79 5 7 30 81 19 76 62 36 64 17 50 100 42 4 61 78 6 58 89 75 96 29 37 13 69 82 55 91 1 51 43 35 3 26 11 72 22 99 52 27 18 34 39 66 45 77 74 32 84 57 47 10 87 80 93 44 88 12 48 23 59 83 28 94 85 98 63 8 15 86 73 41 24 97 70 40 68 33

500: $(NAME)
	make re && clear && ./$(NAME) 329 88 108 446 395 60 332 198 428 330 386 174 47 70 26 83 496 80 341 153 115 271 202 31 192 144 255 464 176 129 11 92 106 59 162 205 291 308 302 482 18 99 357 472 107 45 340 229 19 295 307 452 165 223 462 141 406 196 89 455 101 179 201 371 488 53 138 350 325 169 54 58 113 343 286 1 370 403 38 75 36 347 109 468 246 39 190 258 355 167 290 490 475 184 430 33 93 227 208 345 152 387 400 181 177 61 322 276 102 206 293 360 344 486 148 149 348 385 17 429 438 111 459 282 57 412 14 134 362 413 451 391 352 398 425 197 309 233 171 280 172 449 159 145 238 396 454 183 372 272 260 155 214 120 147 166 74 231 164 207 397 119 72 375 203 77 42 407 230 51 457 4 73 437 13 299 185 29 224 423 365 461 354 337 135 56 284 458 157 310 245 450 191 409 264 137 161 421 274 43 30 380 37 123 234 349 444 467 368 495 86 41 414 62 399 419 186 300 382 95 483 228 64 34 301 9 474 193 6 499 44 25 448 222 126 247 279 390 124 71 417 69 323 456 168 90 163 480 491 440 136 266 189 262 305 416 10 427 216 215 188 254 281 453 422 50 383 114 259 277 2 200 477 466 484 445 67 303 321 313 209 160 94 408 283 24 20 87 292 28 40 127 410 463 369 433 23 150 237 100 443 91 374 363 431 328 213 418 3 489 5 122 257 219 7 401 324 173 376 498 311 377 334 79 436 249 346 320 288 434 361 378 55 158 473 333 331 478 84 442 151 68 65 226 52 22 500 132 497 367 465 187 265 15 275 312 384 420 66 212 335 269 182 16 287 210 318 218 140 256 96 232 252 356 306 142 217 317 435 366 298 373 175 327 314 447 103 118 156 289 117 46 220 253 225 351 199 339 12 326 342 97 426 236 221 48 294 481 338 116 251 263 178 402 105 353 27 146 479 359 415 248 211 476 441 78 405 273 389 139 98 439 388 432 8 128 180 316 121 487 358 112 195 170 394 471 81 104 143 424 364 235 261 296 278 470 270 379 131 133 85 297 485 242 268 392 267 393 243 32 411 336 49 241 494 204 493 82 304 492 21 250 404 76 154 239 285 244 315 35 381 240 469 460 130 319 194 110 125 63

1500: $(NAME)
	make re && clear && ./$(NAME) 1424 829 1035 843 551 874 1216 33 1227 1430 1138 802 546 1188 654 728 1054 421 615 624 208 285 968 1222 212 137 5 324 929 1450 227 1033 511 1436 447 827 299 674 183 1489 104 87 1085 113 556 448 1186 1415 547 1315 783 486 356 538 534 1152 1267 1334 632 894 757 1281 1064 1474 120 1367 830 494 1295 609 1448 1280 11 292 1477 469 847 1022 334 57 610 1238 1210 477 1385 1129 177 215 822 65 1261 1478 882 945 1176 1472 361 191 1071 34 1338 961 484 1049 1109 309 782 1120 436 733 175 1034 953 1333 1332 1178 1037 1180 1383 1083 1291 696 657 69 86 1465 157 922 1311 851 1104 1093 246 1341 600 1237 221 359 1357 8 1226 1470 679 256 613 1063 1023 340 349 574 1461 10 805 889 1493 931 331 1438 432 94 313 145 125 282 930 1360 52 412 1498 744 1270 1469 959 378 1488 980 919 1263 1094 1392 1212 510 163 382 856 488 663 192 485 913 911 1460 591 996 954 684 828 1444 604 725 50 1043 202 107 870 593 17 1459 262 499 1012 650 49 1353 750 910 706 576 28 1233 116 578 1192 339 506 1473 1458 561 114 1310 1234 1055 489 67 766 415 454 1108 927 172 1309 1484 625 184 1351 251 273 637 46 1027 611 990 456 770 1320 623 1260 481 445 907 149 181 492 1435 248 719 204 1106 1326 1254 1347 320 791 1061 1282 554 408 589 1264 1442 275 865 51 628 304 775 117 144 333 53 648 1386 573 517 89 653 254 563 111 715 867 583 1253 939 112 425 56 903 1396 1069 277 1190 740 1387 287 99 840 139 308 904 1091 529 206 345 398 211 1411 428 753 1209 1175 1283 1000 544 281 1181 1092 883 500 700 369 1068 61 1388 362 90 552 1203 156 1466 168 714 1098 645 598 83 413 73 30 974 1464 527 20 253 1419 161 854 493 1047 328 98 824 1350 268 319 342 136 327 1067 1409 668 981 866 45 1379 1278 1413 35 79 1154 1194 1168 917 1119 803 812 160 40 1128 1143 1177 360 1399 570 520 596 1157 649 790 1025 379 1468 186 64 677 1421 760 693 205 1208 2 920 260 588 837 861 1441 1343 3 582 464 557 280 457 423 926 1184 1395 1352 1013 1250 905 1008 810 200 1403 763 1010 967 1471 173 344 1060 758 1393 873 1191 973 1151 19 1397 722 1006 26 14 1275 983 1319 569 724 225 916 898 151 1076 826 962 127 132 831 580 1462 122 1001 800 701 987 470 185 439 1201 1117 81 673 804 1252 42 928 1007 1404 958 38 1314 365 1161 781 991 877 784 1491 1486 301 1131 1088 670 1014 1165 1423 519 407 1481 1389 912 819 1364 848 1329 1080 1286 311 1020 1016 9 955 6 716 84 797 377 166 779 1107 933 1405 1116 1139 59 290 162 1414 507 274 683 1051 364 278 216 269 1164 394 602 1015 121 1142 965 1239 1377 562 723 171 727 564 1114 1417 347 543 1273 234 283 1266 1440 1292 498 242 222 400 942 1024 902 1412 887 1084 39 957 621 841 266 978 817 102 1046 1374 411 138 1453 687 644 521 307 1215 495 1005 690 1382 133 647 1159 1487 446 1299 703 239 170 1368 614 142 667 656 25 409 735 742 1457 130 1172 891 655 267 1011 1475 1155 1218 689 786 737 1279 1277 1089 1394 619 549 110 193 1256 1432 1123 560 305 888 986 839 76 1355 816 158 431 642 1490 293 769 131 618 101 417 1017 620 462 505 626 885 16 85 194 21 1200 801 1003 1240 265 252 95 147 859 669 1173 1285 850 1296 1499 660 1112 224 1242 434 403 442 1146 1446 1145 237 453 659 1255 1217 306 533 528 1402 617 767 504 31 373 1251 1066 1052 1073 1169 24 1303 941 119 788 106 697 643 994 834 1140 1170 1369 1004 286 1420 1127 971 1289 936 1456 1337 229 353 389 1050 1433 1428 772 1406 126 545 1101 736 466 771 938 1287 1427 691 1485 259 71 209 47 1494 1265 390 526 795 947 1245 134 713 451 1483 97 238 1124 1009 1381 201 1026 1380 768 1183 1454 1437 858 70 128 531 761 676 27 363 698 807 705 918 872 487 699 261 1354 944 371 438 717 1079 322 1214 1307 164 385 571 503 315 169 424 909 141 341 671 846 778 154 908 4 433 550 992 518 480 264 459 426 1096 1323 148 665 135 288 508 1356 103 37 1162 491 704 1185 1132 605 934 210 979 584 167 197 925 747 823 337 325 1182 100 220 1416 146 232 754 759 1248 1198 789 658 440 1345 22 291 1232 54 1144 1312 743 640 296 1259 338 165 368 1365 1189 1072 1455 879 1293 82 66 78 895 1057 862 1288 418 1225 399 402 721 853 969 1137 449 150 566 1223 1480 1135 1235 627 321 639 271 1070 1294 188 1105 892 1179 455 997 608 540 1221 1150 1322 1449 1262 1058 741 393 473 709 852 921 752 153 1147 1040 838 516 1059 923 430 297 12 857 460 977 1500 1445 314 1018 568 542 1115 1160 270 1247 1087 708 1482 189 1086 751 195 1113 219 1362 890 74 88 682 1496 1271 634 651 375 672 217 1249 585 1196 75 1290 1095 594 603 323 1082 814 664 1272 793 416 796 159 960 272 915 951 595 1418 963 1358 1410 381 279 43 989 748 1193 410 1425 966 881 692 1258 1300 93 1081 738 475 1308 471 1136 808 821 374 984 1048 392 383 317 198 1231 897 836 1391 257 1479 825 241 1118 762 1130 875 406 203 1321 1099 358 180 1384 351 330 871 1206 780 806 764 813 707 597 731 1467 1224 1306 946 869 429 419 1443 179 845 612 1400 1056 501 461 949 396 878 289 294 1327 366 590 726 532 187 1230 1053 746 1274 326 1121 1141 792 1029 896 1125 1197 1202 1148 467 1344 774 749 1342 332 536 496 558 765 77 1111 1408 860 1361 72 886 555 155 422 1102 388 675 300 1110 572 199 1213 1133 450 975 932 1031 937 1451 972 318 988 638 350 240 1220 630 60 1090 1187 522 1174 1195 1062 1375 115 48 935 397 537 842 581 1019 565 1065 982 876 213 635 739 427 1028 1378 1373 1207 298 513 686 354 1244 616 230 1211 553 1097 1497 901 391 1126 1363 218 530 1349 55 44 228 1077 695 1246 579 1036 541 1228 712 646 1340 711 1325 478 243 387 182 295 694 233 1370 652 1156 1324 1171 1371 1297 310 7 1153 641 755 514 1348 799 190 123 729 756 855 472 367 880 523 405 235 32 263 964 490 599 1298 1346 68 993 355 1463 401 1390 346 1366 420 474 811 479 1268 1331 688 62 463 1149 1376 1284 906 444 1021 105 258 787 143 607 1422 370 303 63 1241 178 231 601 1039 1002 998 606 245 745 1229 1305 776 1163 1243 587 302 226 1339 1302 622 335 849 818 29 970 567 23 863 956 924 809 1359 535 525 1 734 140 1205 1078 899 524 118 1219 586 815 995 348 1434 592 443 58 833 336 539 1313 196 380 1398 1075 515 129 386 244 1407 685 1134 395 1492 124 1401 1032 1158 864 214 1452 247 1257 820 1045 777 678 176 1318 152 497 343 884 681 329 976 109 636 940 1044 376 1495 662 1236 96 284 1074 36 785 868 1328 773 414 1476 437 832 1122 661 835 952 1316 18 441 1041 207 384 633 1103 1426 482 465 1276 844 1335 250 1439 15 41 1447 1431 900 357 249 798 577 312 1336 1429 666 483 13 794 108 702 1030 710 1166 732 509 914 316 92 718 559 91 255 1038 950 1204 236 458 352 452 943 1330 372 476 1042 404 223 1199 631 985 730 1304 999 502 512 80 720 629 680 1301 1167 893 276 1100 1269 435 548 575 174 948 1372 468 1317



3000: $(NAME)
	make re && clear && ./$(NAME) 1520 1552 2967 409 647 2322 2723 739 330 1460 15 106 550 1915 2990 1685 2444 1019 247 609 2486 2493 156 1525 668 1343 2552 2962 1877 1170 2750 2129 51 1377 769 2251 149 1671 2743 2953 2582 1919 2117 2848 961 675 705 2694 1463 2637 677 269 2340 2250 2496 1811 1442 1252 5 590 68 1628 2938 2424 824 989 2215 1550 1557 101 1803 2055 2836 2364 2748 603 569 731 2693 2128 1353 1042 418 567 2771 2846 1295 2556 2168 390 2237 638 1879 1233 853 1748 2254 955 1857 600 2180 2284 568 681 687 1173 2869 253 1002 2872 1702 787 908 287 1934 2614 249 184 2428 995 1806 2463 434 159 2713 2228 765 48 2170 823 851 2029 2635 583 496 1886 413 1584 120 2651 44 2617 2739 1151 2298 391 2989 2850 656 2301 210 2199 2706 2093 1363 2737 1764 2458 721 1791 2358 2915 2692 930 2125 2310 343 1397 2773 2849 1739 2263 2843 2688 2868 2680 2186 1339 2734 708 2205 1841 2811 751 1227 1656 1393 1924 2679 814 1065 589 1715 2628 268 2707 2214 2785 1572 604 1278 784 2803 808 1721 1974 2933 1284 2447 1637 2934 2338 1097 811 830 2410 2337 2684 1902 364 2499 1939 661 2951 1839 171 1190 852 117 2678 2414 894 2127 168 2063 806 1014 1571 1205 1387 481 1516 2041 30 2963 655 1726 2992 1598 2249 2357 22 720 861 2222 1311 2645 607 1725 347 2206 1402 2793 430 729 2604 963 2386 1208 761 190 902 1856 84 2523 662 2795 1987 2303 2599 35 2996 2216 907 2025 2965 46 717 1932 672 2612 1088 1421 2539 1638 1055 1321 2759 2907 346 834 733 1219 339 2283 910 1558 2525 538 2164 2809 886 2524 2319 767 924 2108 2497 1498 1179 1425 2657 2001 2536 1961 1719 220 113 678 1569 2580 185 1844 570 2469 2790 1759 2224 2852 898 1908 1093 1573 1111 1635 2426 2280 12 2513 2626 230 1056 228 1566 1522 1285 494 2999 2747 1535 1175 140 2817 829 575 97 1239 2072 2522 2890 2373 80 1859 1290 479 2448 775 1539 582 72 2211 131 497 2462 54 2213 1083 1168 2805 1881 844 2105 715 2687 2405 2791 1141 1426 42 771 471 2873 1992 779 70 429 1404 509 1432 2221 283 2821 1728 1212 2060 1073 521 1196 1629 884 1000 2236 2879 2106 405 1826 2780 999 1997 1184 2636 1659 1723 1718 663 2928 1847 528 1623 2083 1849 1978 1342 453 143 2312 2574 2639 2353 2630 179 2277 1211 2247 370 2279 1335 2104 2403 2631 102 617 1148 86 2940 1455 718 369 1678 217 2415 1359 367 931 211 2245 2209 445 2777 1062 1642 2830 1332 693 835 1271 2256 2454 1153 1805 2590 1944 2420 56 874 1797 2730 1943 38 288 2145 2181 646 944 1476 297 977 2507 1647 1287 1309 1577 2259 1858 163 1006 1563 980 1235 448 1593 1953 2155 1916 2969 2479 2751 386 2854 2011 1378 2244 2652 2372 2555 2702 510 2769 2919 1756 2183 2200 2483 482 118 2296 466 373 818 64 649 511 2217 1761 299 1750 2807 933 2983 914 1763 223 2764 2732 1863 1682 304 2703 335 2912 2142 1594 1720 254 942 2402 2565 1693 530 248 2615 452 360 2262 2910 1921 1469 432 375 670 358 1727 947 537 536 312 517 1414 2673 310 236 764 1412 321 316 1161 1401 1972 2760 2832 2208 1005 1411 1150 1474 2516 53 37 2595 2862 1998 549 1892 2936 1952 399 2261 1384 928 2167 397 1279 1354 1456 2406 1180 2898 1878 1450 791 1479 2056 1968 1747 2292 300 2269 2918 1447 674 136 2724 2716 2080 1324 2585 1691 2252 1326 2219 2161 2379 2712 1976 1876 2317 2549 2124 591 1079 741 1336 704 2668 2786 2472 1052 338 755 1989 1063 2646 2948 20 21 1238 2828 2478 1578 1530 2638 631 2979 263 2475 1017 2903 1795 2456 1337 667 1276 900 1742 1361 160 1716 776 2367 67 2275 114 1984 1767 2655 285 2554 875 320 410 1830 1733 2300 1119 398 1995 2729 1237 1492 2506 2150 2467 692 1236 1731 1991 2192 415 1503 862 854 1855 2917 49 2611 2157 2534 2109 1348 921 18 459 2788 286 1410 485 2545 1821 2548 340 2794 792 1319 508 1668 2658 289 167 2286 1711 2349 322 548 2432 1113 1183 411 1602 2576 640 2775 576 2594 235 1554 2880 2022 1729 2598 2195 2398 2663 2562 1547 1366 1529 1194 499 595 727 1210 2371 2884 214 529 1771 2267 1646 1282 1644 1896 934 1645 2331 454 457 2248 1631 1917 1349 1586 2592 207 2889 487 1561 1700 302 2700 2608 2925 1024 99 978 76 2650 1511 996 2374 2736 885 1213 2396 439 2891 2346 2861 60 2196 1157 2789 664 2568 750 103 1435 2480 1948 1620 1825 1796 243 1375 2841 226 847 1899 2858 2935 145 2783 1596 2690 1832 1221 420 1528 1106 669 265 2942 1338 696 671 2800 192 2765 2959 1323 2741 1766 1392 313 1745 1929 2243 1611 1675 2874 1809 229 495 2225 1468 565 1621 315 2030 462 2476 280 2659 1137 1582 1800 2020 1822 350 798 2641 1619 1605 1376 1136 311 544 1428 2530 279 994 2504 290 616 1960 1957 2006 2871 2112 1472 2839 1722 745 75 920 598 1920 2625 2007 1477 1872 2427 2449 193 1383 1025 1724 2515 1909 2895 486 1329 2418 938 1201 488 812 2844 1532 1661 2473 241 1513 1947 2978 332 1207 2867 1592 1649 7 227 1664 688 935 2376 512 501 1045 2459 682 2772 911 147 465 2929 383 794 2605 1327 1579 690 2781 531 348 2115 624 1973 2054 2365 329 979 1258 564 1890 2870 133 2132 260 2970 657 2818 478 2758 2505 2417 2453 2046 2492 612 23 532 69 1247 1114 698 1189 111 2242 2770 1680 172 1345 307 742 922 2035 1081 2949 653 1732 1567 2470 1325 1462 78 592 513 1035 2932 2194 1373 2013 706 984 1639 2543 437 1051 2000 2755 1439 1687 363 1369 306 1358 1692 515 859 1807 2321 897 1129 1117 326 1123 2779 1467 1788 2097 2360 2383 1546 442 129 150 1283 1677 2666 234 62 1650 1785 972 2121 491 2088 85 1362 618 2720 577 2005 2084 1740 1031 2316 2370 1023 1519 772 2326 1242 2727 839 1431 1560 2177 1297 2272 1452 2827 2589 26 2397 1735 2057 183 1098 2329 2400 2569 451 200 395 730 2246 2059 209 2190 387 2851 2160 2502 2118 1894 2423 1869 848 1413 2752 710 916 2085 1102 267 1169 2394 1481 173 1110 2699 2798 594 1574 1188 104 585 2607 1608 987 2451 2092 2634 2677 557 1568 1350 2708 2234 546 519 2231 2906 1852 865 2542 2220 858 24 2753 2804 2318 2430 605 2436 2012 480 1770 1746 2443 1267 2178 1427 520 2902 1860 2916 424 899 2081 2352 1772 1491 2305 2008 556 2538 393 1867 1347 923 759 477 10 327 378 1273 1084 388 743 1218 251 781 1299 762 81 1099 295 2468 1936 1270 1674 2313 1654 2610 926 2172 349 255 1666 73 962 2603 1971 1074 828 2667 2609 2287 1356 694 2546 2553 2550 1320 83 1888 636 1846 1751 1445 2939 1986 166 212 1234 768 737 407 2207 1289 92 187 2754 642 2010 506 2511 2810 846 602 1958 691 2601 778 1658 1068 1632 2362 2382 264 1667 1626 1955 314 1398 1913 795 1769 1907 1555 2642 504 1836 1486 1171 294 1254 1776 1360 2500 1139 1900 1351 2842 105 224 1101 2509 2726 713 291 797 877 146 122 2533 1131 2683 1070 936 181 1820 2508 993 91 2191 2570 2927 1707 2320 1016 2434 1705 461 626 2009 55 2433 744 747 98 1945 2050 1130 1245 2266 728 2742 2691 2561 345 833 158 95 516 2971 1610 2819 2051 2950 2388 2107 1382 840 1075 1352 2380 1782 572 555 1193 593 855 2662 197 1497 2622 1708 176 896 404 966 2787 1672 2510 2768 2197 738 866 974 138 4 1246 1466 2053 541 573 1923 803 2425 586 1394 2344 622 1880 1683 1047 1885 1636 665 2518 2864 1478 832 132 170 372 1268 709 1510 2062 1028 1037 2070 629 1004 702 1182 1191 1599 61 2847 2023 94 2273 177 2537 1159 1328 215 973 2820 446 2040 1433 1317 535 883 952 305 2422 1985 13 2587 152 639 1838 841 2564 800 2179 368 1545 333 2135 1686 2474 903 1853 1604 1663 2487 1488 1116 630 1003 1334 2146 2710 1265 940 871 2114 2103 534 754 1036 1032 1185 1956 1757 2401 1534 1389 1280 1209 1925 2042 793 1296 438 141 2163 2481 2993 2356 384 71 1310 701 1824 1471 2974 1893 317 2876 1581 1272 1541 2 2336 881 2988 552 1204 1704 2465 2264 8 1493 1396 2048 2900 2421 1819 444 1154 1240 2520 2075 1340 1789 2856 1673 142 958 2314 2156 780 1814 1816 1612 746 2126 483 588 1262 1496 2438 2116 1134 1331 1029 2722 1001 1277 1933 726 2078 2350 188 545 2014 1027 2134 1408 1576 1230 2620 450 2778 2885 464 527 1058 469 2122 1548 135 323 47 2618 1301 699 985 2975 505 960 2311 309 324 1122 703 2567 2153 2829 1050 1253 2904 1094 2044 1043 1446 1504 2674 474 57 2369 2814 1451 1166 273 2111 1143 178 2091 1206 1840 2120 208 1703 435 1736 2977 949 1449 82 1118 2985 2834 2193 906 1064 939 27 2130 826 1483 1057 2016 872 1054 1542 34 1225 2831 711 1145 1559 2442 1499 1784 2908 2766 1590 1861 2154 1164 1418 259 2165 2937 1783 498 2202 2588 1868 957 1091 2086 1781 1607 428 402 1749 945 2782 1831 11 2866 740 2174 992 1895 2455 14 1438 891 2281 1518 707 219 2656 1443 1044 261 1071 50 2579 2333 1562 2457 801 455 2606 1018 1199 128 1641 1501 357 2920 1898 1138 2984 2139 735 412 2101 1804 836 63 414 2745 2681 123 1485 1385 1710 2399 400 331 2896 408 2899 2131 270 1020 539 1461 1653 1845 262 1901 2547 700 2328 1033 1457 587 2439 1755 2859 1662 2375 2100 683 2238 2113 203 1146 266 1305 782 416 1357 2285 827 856 1269 1009 1630 2557 2015 1508 180 2141 2203 1627 2185 2586 2390 2886 2998 2039 967 689 2067 87 1092 1257 1158 1870 19 2526 2335 1223 2049 2077 2833 216 277 1712 1403 2411 2503 2671 1753 2892 2452 436 2099 566 2947 2407 1263 1391 272 419 2644 2616 2431 1260 889 2201 2913 500 1517 1543 276 786 1773 2074 1078 2921 441 1030 392 52 2709 1873 2715 2757 2488 1333 2718 2808 2341 1536 353 1256 205 2159 1482 58 2799 1120 2241 1135 2591 860 2749 381 2095 174 2826 953 1200 2058 1128 2665 1827 1374 964 890 1834 186 431 1977 2602 1423 676 2941 2323 2230 712 540 2258 328 905 579 2226 443 2391 89 1490 2531 2822 221 1583 109 777 1365 879 296 1999 507 2393 1970 2268 2664 2697 1192 2461 1160 648 2731 2392 1314 427 1034 2149 815 2355 2253 887 1465 2633 355 2982 1095 2966 1459 1367 2148 2897 904 1538 2997 2922 1216 2728 334 1862 1300 2627 238 2377 1993 2717 2327 819 1734 864 2227 201 2381 1988 580 1080 845 2686 281 2956 2071 2905 2512 1165 1633 1441 2719 1738 1903 1344 401 1775 2704 2378 641 1709 2944 634 1743 1906 1087 137 2032 341 3000 929 2212 239 2123 1818 1595 365 2299 2094 440 2218 1072 2210 2802 231 2068 2166 732 666 956 112 1670 2325 2265 79 1090 2725 876 2137 1875 1379 561 1914 563 652 1086 1790 2158 1407 2761 2189 2648 2037 1698 658 2143 615 1737 1355 1125 2065 2024 1713 1217 2293 1250 1553 127 1126 1854 805 2914 770 1015 757 578 543 937 796 2187 2519 17 1266 1798 2735 2354 1706 33 1149 1540 807 1255 1251 2204 522 2685 975 734 2232 2981 2705 2796 2188 2532 2466 2957 489 1132 161 385 2877 1786 763 1777 816 943 1949 644 695 2429 2136 1794 970 1624 2110 893 1395 352 1259 2572 1249 2528 991 447 1616 748 503 1609 1406 758 2976 632 965 986 1585 29 1614 1959 1388 1156 2643 246 1220 2347 1918 2297 895 1364 2017 222 2696 525 2235 2767 1181 257 1752 1994 2583 1690 1228 164 2173 869 463 9 2441 2857 2276 2027 2257 1167 1076 2593 2416 2815 562 2825 36 719 1526 1231 888 342 371 756 2669 2270 2695 426 1288 182 1979 722 1104 1695 2621 2661 2302 941 1950 2289 1606 1140 2043 2544 2495 2274 523 1701 2823 2521 584 2801 1494 2047 533 1696 983 1967 611 1793 198 379 2419 849 1754 2485 1946 1601 282 1697 810 1198 969 1580 1964 654 1007 2223 927 45 1665 1124 2887 1589 1937 817 809 303 2102 2464 880 422 2291 790 2964 2701 1931 1942 1762 1507 659 613 356 1983 2816 2784 2450 1066 686 1625 396 2714 1741 2995 1214 606 492 110 2894 1864 2073 1587 650 1829 788 954 1308 873 2239 2098 2348 2460 1077 344 1372 1304 361 1454 1011 1963 476 1291 202 596 1618 124 518 716 1515 1495 2295 1046 1318 2342 1261 2883 868 278 2991 1962 2490 1241 151 1222 2446 1067 1774 1371 2649 1232 2875 2670 1473 1429 685 1436 559 165 2623 2559 1648 1038 293 1935 571 433 637 1010 1298 2763 838 2038 1817 915 2184 971 608 1910 1186 766 1828 2698 1420 1470 697 2498 195 1302 1243 1634 651 1851 2019 2563 1121 325 284 377 2855 134 403 2882 1643 2624 2004 1021 620 1810 2632 2033 725 456 2351 1370 976 558 271 2945 2860 65 1758 946 1527 714 2260 2435 292 820 1089 2968 821 493 524 1679 822 843 2640 997 804 1954 2573 988 2931 601 1617 298 2484 2361 2304 258 1108 337 2675 623 1502 1799 2026 2363 2169 1760 1524 968 2835 1415 998 1275 2514 1835 1951 2119 2395 232 2911 351 1085 2824 2806 1152 191 1229 2689 1041 627 119 189 643 2960 2682 32 2540 749 2738 1843 2332 2581 2740 1940 116 2952 244 813 2961 2198 25 1615 2494 1717 917 2366 912 981 1980 660 467 2840 1640 1982 16 318 1008 1082 406 1203 863 1448 773 2412 1768 366 2946 2144 2575 1975 1531 1911 2774 2171 1565 2660 2566 126 100 679 1144 2278 421 2437 319 139 470 1883 1405 93 1422 1489 1990 1887 1837 107 959 2440 96 551 169 2345 2812 799 376 1938 1306 2389 1523 1430 1549 1480 2064 2271 2535 932 1815 625 837 2541 857 909 1714 1965 2175 1316 2762 1652 1419 2290 948 1588 2878 2404 1865 148 308 1927 1215 2987 1660 2445 901 2151 389 635 1437 913 2052 2147 28 1286 1049 1688 2924 1187 724 154 2733 468 1787 736 1889 2489 362 1424 918 245 2384 951 490 2558 1322 1103 1813 2045 1779 2482 2943 41 2076 2746 1440 581 1292 380 1039 2036 2069 1930 1823 1048 1107 614 1013 2527 2845 2028 2711 1386 2307 2613 1381 2282 1303 1833 1172 526 2517 301 274 2066 1744 2324 878 1434 417 115 1801 633 2294 982 673 1575 218 2021 354 925 2596 475 1802 2577 2597 1012 2863 1551 1657 2031 2837 1400 1313 194 1941 1026 252 1848 88 242 2002 1544 1096 2176 1651 2409 233 1380 1928 2744 831 1694 1040 1676 40 785 1866 1622 2034 2306 153 2061 458 2152 1341 802 1506 1059 1904 2973 1699 1409 1458 43 1197 1996 66 2255 1891 157 547 1897 554 2926 2560 2477 2082 1307 2853 449 2881 472 1812 2309 628 850 2792 2571 514 597 2413 2087 2240 1294 2162 90 2334 1905 213 1226 2954 275 870 1390 1966 155 2756 2930 2721 1669 2909 1155 256 621 1603 1105 1600 2233 1368 1505 1926 1264 1 599 1109 2359 502 2994 610 240 1444 125 121 31 2923 1765 237 175 1177 2893 645 2491 2003 77 473 1142 723 1591 2578 1346 374 1174 1464 1417 553 774 1202 1689 2986 1162 2138 2958 1112 162 2676 3 760 2385 144 1195 2629 39 825 990 1399 460 1912 1061 2813 1564 2838 882 2133 394 2600 2018 684 2653 2797 1022 789 1330 1244 1778 542 1882 2501 1655 130 783 892 1224 59 1780 359 196 1060 1500 1556 1053 2619 2972 225 1133 1808 2888 2980 1842 2229 950 574 2654 1792 1521 2776 1850 1115 2955 2584 2387 2529 2672 2182 1514 1274 1922 250 204 1969 1248 619 2471 1597 423 1163 2140 206 2308 425 6 199 2096 919 1484 867 560 2079 1533 1684 2089 1293 1100 2647 842 680 1281 1874 1312 1981 1147 752 1871 74 1416 2330 2368 336 2315 2865 1069 1487 2901 2343 1884 1537 108 1681 1475 2288 1127 484 753 382 2408 1512 2339 1570 1730 1453 1315 1613 1178 2551 1509 2090 1176
